8354816088
9554441117
9311127633
7007637911
9389409733
9026777663
7054448881
9453242206
8299207159
7800854321
8726664000
8528719311
9838383650
9415027706
9532116395
9140324522
8736860717
8860757649
8299055990
9838537711
9918219111
9696015858
9793332534
8382022553
7275110000
7905611477
9454154050
7388222207
9140527908
9335611894
7985841550
7379666622
7007573652
9369764042
9582061610
9628055111
8840133701
9919500054
9554406888
8005331110
9380947319
9839836095
9140779702
7007954566
8953423604
9369556052
9453308133
8881113599
9918001286
9794200200
9621056436
9999122033
7905866847
9935775544
8840316573
7860922221
8858230920
8737038342
7905466076
9044489595
7398077598
7860558585
7572032777
7459903215
7905550853
8318009622
7310000413
7838338437
8953182925
8303111100
9651161792
7619053637
9389926044
8881881919
8447588882
7007188143
7310000330
8306787652
8799769434
7310251337
7398380048
9839537699
9305451301
9151555422
9935235555
8127736363
7668211116
6393453682
9120277738
9794279186
8756000222
8853977158
9452091673
8299109938
7905519744
8353931494
6386999610
8381862637
8604966535
8368231966
8181000018
8881081122
9555294990
6392957371
9026233953
9651819311
8299213647
6389102102
9619118000
8601102108
9455490905
9999168707
9125705700
9451781905
7800543595
8840449277
8318405657
8174940880
9651428913
9305247276
9795844012
8887835788
8299866151
7311169992
7398475499
6387318543
9984610006
9210002323
6386913090
9984842121
6394972433
9984102102
8920919203
8787017236
9119846240
8299446768
7755887476
7985835453
9651743032
9648472261
8604989471
9839841549
7985548629
6386630537
8071820502
7851006719
7317317300
6393600008
9670995277
7510001424
7065057065
9919990957
7080166666
8808880070
6351548067
